0 (0 3)
1 (1)
2 (2)
3 (4 18)
4 (5 9 13 20 23 27 34 37 43 46)
5 (6 10 14 21 24 28 35 38 44 47 51 81 84 94 97 100 125 128 139 142 145 150 155 161 165 175 178 187 190 196 199 203 211 214 218 226 229 233 241 244 248 259 263 266 275 279 282 291 295 298 307 311 314 323 326 329 338 341 344 353 356 359 368 371 374 383 386 389 398 401 404 409 415)
6 (7 11 15 22 25 29 36 39 45 48 50 82 85 95 98 101 126 129 140 143 146 151 156 160 166 176 179 188 191 195 200 204 210 213 219 225 228 234 240 243 249 258 264 267 274 280 283 290 296 299 306 312 315 322 327 330 337 342 345 352 357 360 367 372 375 382 387 390 397 402 405 410 416)
7 (16 17 30 31 167 201 205 206 216 220 221 231 235 236 246 250 251)
8 (19 32)
9 (33 42 53)
10 (54)
11 (55 76 89 119 132 170 182 254 270 286 302 318 333 348 363 378 393)
12 (56 60 63 67 70 77 90 105 107 112 114 120 133 159 171 183 194 209 224 239 255 271 287 303 319 334 349 364 379 394)
13 (57 78 92 121 135 173 185 257 273 289 305 321 336 351 366 381 396)
14 (59 66 73 86)
15 (61 68 75 88)
16 (62 74 106 118 158)
17 (69 87 113 131 253 269 285 301 317 332 347 362 377 392)
18 (80 83 93 96 99 124 127 138 141 144 149 162 177 186 202 260 265 276 278 292 297 308 310 328 340 358 370 385 403 408)
19 (91 134 172 184 256 272 288 304 320 335 350 365 380 395)
20 (103 110 117 130)
21 (104 111 122 136)
22 (147 157 168 180 192 207 222 237 252 268 284 300 316 331 346 361 376 391 406)
23 (148 153)
24 (154 164 174 189 198 217 232 247 262 281 294 313 325 343 355 373 388 400 414)
25 (169 181)
26 (193 208 223 238)
27 (197 324 339 354 369)
28 (212 227 230)
29 (215 242 245 384 399)
30 (407 413 418)
31 (411 417)
32 (412)
33 (419)
